rank,uri,artist_names,track_name,source,peak_rank,previous_rank,days_on_chart,streams
1,"spotify:track:7221xIgOnuakPdLqT0F3nP","Post Malone, Morgan Wallen","I Had Some Help (Feat. Morgan Wallen)","Mercury Records/Republic Records",1,-1,1,"13949573"
2,"spotify:track:6AI3ezQ4o3HUoP6Dhudph3","Kendrick Lamar","Not Like Us","Kendrick Lamar, under exclusive license to Interscope Records",1,1,6,"12809644"
3,"spotify:track:7fzHQizxTqy8wTXwlrgPQQ","Tommy Richman","MILLION DOLLAR BABY","PULSE Records",2,2,15,"11422747"
4,"spotify:track:2qSkIjg1o9h3YT9RAgYN75","Sabrina Carpenter","Espresso","Island Records",1,3,29,"10136053"
5,"spotify:track:2FQrifJ1N335Ljm3TjTVVf","Shaboozey","A Bar Song (Tipsy)","American Dogwood / EMPIRE",5,10,26,"7604741"
6,"spotify:track:2OzhQlSqBEmt7hmkYxfT6m","Taylor Swift, Post Malone","Fortnight (feat. Post Malone)","Taylor Swift",1,5,22,"7440880"
7,"spotify:track:2GxrNKugF82CnoRFbQfzPf","Artemas","i like the way you kiss me","Artemas",1,4,52,"7284624"
8,"spotify:track:3xkHsmpQCBMytMJNiDf3Ii","Benson Boone","Beautiful Things","Night Street Records, Inc./Warner Records Inc.",1,8,113,"6925536"
9,"spotify:track:6XjDF6nds4DE2BBbagZol6","FloyyMenor, Cris MJ","Gata Only","FloyyMenor under exclusive license to UnitedMasters LLC",2,7,89,"6762105"
10,"spotify:track:5Z0UnEtpLDQyYlWwgi8m9C","Hozier","Too Sweet","Columbia",2,9,50,"6747550"
11,"spotify:track:77DRzu7ERs0TX3roZcre7Q","Kendrick Lamar","euphoria","Kendrick Lamar, under exclusive license to Interscope Records",2,6,11,"6100737"
12,"spotify:track:51ZQ1vr10ffzbwIjDCwqm4","Ariana Grande","we can't be friends (wait for your love)","Republic Records",1,11,64,"5525773"
13,"spotify:track:4q5YezDOIPcoLr8R81x9qy","Taylor Swift","I Can Do It With a Broken Heart","Taylor Swift",3,15,22,"5098080"
14,"spotify:track:3qhlB30KknSejmIvZZLjOD","Djo","End of Beginning","Djo",1,12,84,"5070677"
15,"spotify:track:2tudvzsrR56uom6smgOcSf","Future, Metro Boomin, Kendrick Lamar","Like That","Wilburn Holding Co./Boominati/Epic/Republic",4,13,50,"4886467"
16,"spotify:track:17phhZDn6oGtzMe56NuWvj","Teddy Swims","Lose Control","Warner Records",5,14,177,"4524505"
17,"spotify:track:5bi0gh89wRuH2OgjdAKFsb","Rvssian, Rauw Alejandro, Ayra Starr","Santa","Sony Music Latin",12,16,25,"4020528"
18,"spotify:track:2F3N9tdombb64aW6VtZOdo","Taylor Swift","Down Bad","Taylor Swift",2,21,22,"3945729"
19,"spotify:track:5uQ7de4EWjb3rkcFxyEOpu","Mark Ambor","Belong Together","Hundred Days Records, LLC",19,23,46,"3865058"
20,"spotify:track:7CyPwkp0oE8Ro9Dd5CUDjW","The Weeknd, JENNIE, Lily-Rose Depp","One Of The Girls (with JENNIE, Lily Rose Depp)","XO / Republic Records",2,18,216,"3744984"
21,"spotify:track:5LhI8m7n8xlQmNe3b7Rwis","Natanael Cano, Oscar Maydon","Madonna","WEA Latina",15,22,63,"3611369"
22,"spotify:track:1bjeWoagtHmUKputLVyDxQ","SZA","Saturn","Top Dawg Entertainment/RCA Records",12,19,78,"3508880"
23,"spotify:track:1PT8hWQvl2gRO1JhDcSUqN","RM","Come back to me","BIGHIT MUSIC",23,-1,1,"3335141"
24,"spotify:track:36t6frENUtCYKuZus6aYDO","Taylor Swift","Who’s Afraid of Little Old Me?","Taylor Swift",9,42,22,"3304556"
25,"spotify:track:4S8PxReB1UiDR2F5x1lyIR","Kendrick Lamar","meet the grahams","Kendrick Lamar under exclusive license to Interscope Records",14,17,6,"3241157"
26,"spotify:track:1wFFFzJ5EsKbBWZriAcubN","Drake","Family Matters","OVO/Republic",11,20,7,"3233713"
27,"spotify:track:1BxfuPKGuaTgP7aM0Bbdwr","Taylor Swift","Cruel Summer","Taylor Swift",2,27,460,"3212814"
28,"spotify:track:3rUGC1vUpkDG9CZFHMur1t","Tate McRae","greedy","RCA Records Label",1,24,239,"3201004"
29,"spotify:track:4Dvkj6JhhA12EX05fT7y2e","Harry Styles","As It Was","Columbia",1,32,772,"3198211"
30,"spotify:track:2uqYupMHANxnwgeiXTZXzd","Dasha","Austin (Boots Stop Workin')","Warner Records",17,29,62,"3193884"
31,"spotify:track:7bywjHOc0wSjGGbj04XbVi","Feid, ATL Jacob","LUNA","UMLE - Latino",7,25,158,"3178003"
32,"spotify:track:42VsgItocQwOQC3XWZ8JNA","Travis Scott, Playboi Carti","FE!N (feat. Playboi Carti)","Cactus Jack/Epic",3,26,243,"3107963"
33,"spotify:track:48lxT5qJF0yYyf2z4wB4xW","Jaxomy, Agatino Romero, Raffaella Carrà","Pedro","Columbia/B1 Recordings/Ultra Records",23,31,31,"3088980"
34,"spotify:track:3Vevii7qKqrmW8CcyzBHDl","Taylor Swift","So Long, London","Taylor Swift",4,35,22,"3006685"
35,"spotify:track:51eSHglvG1RJXtL3qI5trr","Benson Boone","Slow It Down","Night Street Records, Inc./Warner Records Inc.",28,37,50,"2975478"
36,"spotify:track:0mflMxspEfB0VbI1kyLiAv","Noah Kahan","Stick Season","Mercury Records/Republic Records",6,36,214,"2961918"
37,"spotify:track:0LZy30mVmxqUpdQmaXKXBd","Myke Towers, Bad Bunny","ADIVINO","WEA Latina",12,34,15,"2906599"
38,"spotify:track:0W0iAC1VGlB82PI6elxFYf","Taylor Swift","Guilty as Sin?","Taylor Swift",11,38,22,"2901862"
39,"spotify:track:5og4Qzt92jJzVDkOtSEilb","Taylor Swift","But Daddy I Love Him","Taylor Swift",6,49,22,"2857152"
40,"spotify:track:1aKvZDoLGkNMxoRYgkckZG","ILLIT","Magnetic","BELIFT LAB",10,30,47,"2777758"
41,"spotify:track:3lMzT16MjAKKXF7pSZn13B","Lay Bankz","Tell Ur Girlfriend","Artist Partner Group",18,33,32,"2755330"
42,"spotify:track:2XXwLdtuAcE0HSCu61ijAb","Taylor Swift","My Boy Only Breaks His Favorite Toys","Taylor Swift",5,46,22,"2693878"
43,"spotify:track:5oYVxFt2k4SkVp6wzVsFWN","Sevdaliza, Villano Antillano, Tokischa","Ride Or Die, Pt. 2 (with Villano Antillano & Tokischa)","Twisted Elegance",28,28,19,"2687813"
44,"spotify:track:2QjOHCTQ1Jl3zawyYOpxh6","The Neighbourhood","Sweater Weather","Columbia",19,41,1355,"2678390"
45,"spotify:track:0WbMK4wrZ1wFSty9F7FCgu","Chappell Roan","Good Luck, Babe!","Chappell Roan PS/ Island",29,40,32,"2645645"
46,"spotify:track:7wLShogStyDeZvL0a6daN5","Beyoncé","TEXAS HOLD 'EM","Parkwood Entertainment/Columbia",1,48,89,"2563944"
47,"spotify:track:5XeFesFbtLpXzIVDNQP22n","Arctic Monkeys","I Wanna Be Yours","Domino Recording Co",11,39,674,"2549416"
48,"spotify:track:3ZVFcD8Wlw9T9klGqmJf9F","Taylor Swift, Florence + The Machine","Florida!!! (feat. Florence + The Machine)","Taylor Swift",7,52,22,"2467621"
49,"spotify:track:28drn6tQo95MRvO0jQEo5C","Future, Metro Boomin, Travis Scott, Playboi Carti","Type Shit","Wilburn Holding Co./Boominati/Epic/Republic",5,45,50,"2456326"
50,"spotify:track:3NMrVbIVWT3fPXBj0rNDKG","Taylor Swift","The Tortured Poets Department","Taylor Swift",2,53,22,"2398837"
51,"spotify:track:1C84d9abZVKWHT2YYpoean","Luis R Conriquez, Neton Vega","Si No Quieres No","Kartel Music",51,56,30,"2394380"
52,"spotify:track:2v1ivOOsgn64g5OywuH55L","Taylor Swift","The Smallest Man Who Ever Lived","Taylor Swift",14,79,22,"2381471"
53,"spotify:track:3w0w2T288dec0mgeZZqoNN","¥$, Kanye West, Ty Dolla $ign","CARNIVAL","YZY",1,50,91,"2346199"
54,"spotify:track:3vkCueOmm7xQDoJ17W1Pm3","Mitski","My Love Mine All Mine","Dead Oceans",2,47,235,"2326416"
55,"spotify:track:3eh51r6rFWAlGQRlHx9QnQ","Drake","Push Ups","OVO/Republic",22,43,22,"2324084"
56,"spotify:track:1uxiaf3DUS4vpOqNGu4MzL","Peso Pluma, Junior H, Eslabon Armado","LA DURANGO","2024 Double P Records",56,-1,1,"2314386"
57,"spotify:track:7DSAEUvxU8FajXtRloy8M0","Miley Cyrus","Flowers","Columbia",1,51,484,"2291624"
58,"spotify:track:3hRV0jL3vUpRrcy398teAU","Lord Huron","The Night We Met","Lord Huron",24,44,648,"2276972"
59,"spotify:track:5aIVCx5tnk0ntmdiinnYvw","Tyla","Water","FAX Records/Epic",8,54,235,"2254526"
60,"spotify:track:3Vr3zh0r7ALn8VLqCiRR10","Myles Smith","Stargazing","RCA Records Label",60,-1,1,"2248242"
61,"spotify:track:4iZ4pt7kvcaH6Yo8UoZ4s2","SZA","Snooze","Top Dawg Entertainment/RCA Records",25,57,509,"2247728"
62,"spotify:track:7KA4W4McWYRpgf0fWsJZWB","Tyler, The Creator, Kali Uchis","See You Again (feat. Kali Uchis)","Columbia",13,55,433,"2247534"
63,"spotify:track:3Pbp7cUCx4d3OAkZSCoNvn","Michael Marcagi","Scared To Start","Warner Records",22,58,102,"2246180"
64,"spotify:track:4KULAymBBJcPRpk1yO4dOG","Zach Bryan, Kacey Musgraves","I Remember Everything (feat. Kacey Musgraves)","Warner Records",13,70,259,"2149849"
65,"spotify:track:2Zo1PcszsT9WQ0ANntJbID","Sabrina Carpenter","Feather","Island Records",31,59,161,"2136668"
66,"spotify:track:1Qrg8KqiBpW07V7PNxwwwL","SZA","Kill Bill","Top Dawg Entertainment/RCA Records",1,63,519,"2122900"
67,"spotify:track:0R6NfOiLzLj4O5VbYSJAjf","Xavi","La Diabla","Interscope Records",1,67,155,"2077083"
68,"spotify:track:2o1pb13quMReXZqE7jWsgq","Ariana Grande","intro (end of the world)","Republic Records",14,61,64,"2076469"
69,"spotify:track:7MXVkk9YMctZqd1Srtv4MB","The Weeknd, Daft Punk","Starboy","The Weeknd/Lyric",1,60,1314,"2054501"
70,"spotify:track:52eIcoLUM25zbQupAZYoFh","21 Savage","redrum","Slaughter Gang, LLC/Epic Records",6,62,120,"2015624"
71,"spotify:track:3QJsSWa0Xo8MfaRn1gr4Be","Isabel LaRosa","Favorite","Slumbo Labs/RCA Records",58,66,40,"2000241"
72,"spotify:track:6RSG1dKPV5gEvILwJb4QtS","Taylor Swift","loml","Taylor Swift",12,84,22,"1998819"
73,"spotify:track:7jtQIBanIiJOMS6RyCx6jZ","Tom Odell","Another Love","ITNO/Columbia",11,69,1122,"1993121"
74,"spotify:track:3tt9i3Hhzq84dPS8H7iSiJ","Manuel Turizo","La Bachata","Sony Music Latin/La Industria",3,88,678,"1982579"
75,"spotify:track:3FqUPvubYeRCMsdJ02QyZR","Fuerza Regida","TÚ NAME","Rancho Humilde/Street Mob Records",50,73,69,"1976125"
76,"spotify:track:3U5JVgI2x4rDyHGObzJfNf","Natasha Bedingfield","Unwritten","Sony Music CG",14,68,121,"1968222"
77,"spotify:track:3GCdLUSnKSMJhs4Tj6CV3s","Kendrick Lamar, SZA","All The Stars (with SZA) - From ""Black Panther: The Album""","Black Panther (TDE/DMG) PS",2,64,357,"1963871"
78,"spotify:track:0dEAiKNbHt4mrjjoiL0loc","Xavi","Corazón de Piedra","Interscope Records",19,76,50,"1950601"
79,"spotify:track:2DXavoWAmIHlrECHPM1Vca","Stray Kids, Charlie Puth","Lose My Breath (Feat. Charlie Puth)","Republic Records - Stray Kids",79,-1,1,"1946241"
80,"spotify:track:59NraMJsLaMCVtwXTSia8i","cassö, RAYE, D-Block Europe","Prada","Ministry of Sound Recordings",14,83,267,"1936666"
81,"spotify:track:3Ua0m0YmEjrMi9XErKcNiR","Jimin","Like Crazy","BIGHIT MUSIC",1,74,411,"1916886"
82,"spotify:track:2HRgqmZQC0MC7GeNuDIXHN","Jung Kook, Latto","Seven (feat. Latto) (Explicit Ver.)","BIGHIT MUSIC",1,65,302,"1909276"
83,"spotify:track:7Mts0OfPorF4iwOomvfqn1","Taylor Swift","So High School","Taylor Swift",25,165,22,"1885636"
84,"spotify:track:5RqSsdzTNPX1uzkmlHCFvK","KAROL G, Peso Pluma","QLONA","Bichota/Interscope Records",4,80,274,"1881970"
85,"spotify:track:7iQXYTyuG13aoeHxGG28Nh","Bad Bunny, Feid","PERRO NEGRO","Rimas Entertainment LLC.",3,72,211,"1875155"
86,"spotify:track:6me7F0aaZjwDo6RJ5MrfBD","Richy Mitch & The Coal Miners","Evergreen","Richy Mitch & The Coal Miners",31,75,119,"1874255"
87,"spotify:track:6dgUya35uo964z7GZXM07g","Sabrina Carpenter","Nonsense","Island Records",12,86,477,"1851262"
88,"spotify:track:5q0EXnBYyeCdXD72FzJxH0","Dua Lipa","Illusion","Warner Records",11,71,29,"1844306"
89,"spotify:track:4uUG5RXrOk84mYEfFvj3cK","David Guetta, Bebe Rexha","I'm Good (Blue)","Parlophone UK",1,94,622,"1829092"
90,"spotify:track:567e29TDzLwZwfDuEpGTwo","The Kid LAROI, Justin Bieber","STAY (with Justin Bieber)","Columbia",1,120,979,"1821379"
91,"spotify:track:1zi7xx7UVEFkmKfv06H8x0","Drake, Wizkid, Kyla","One Dance","Cash Money Records/Young Money Ent./Universal Rec.",5,77,1324,"1812158"
92,"spotify:track:5b5cPscqVEMChvDqscVw26","Dua Lipa","Training Season","Warner Records",7,78,85,"1811301"
93,"spotify:track:4xhsWYTOGcal8zt0J161CU","Jack Harlow","Lovin On Me","Generation Now/Atlantic",2,91,183,"1809718"
94,"spotify:track:0VjIjW4GlUZAMYd2vXMi3b","The Weeknd","Blinding Lights","Republic Records",1,82,1625,"1806663"
95,"spotify:track:0RiRZpuVRbi7oqRdSMwhQY","Post Malone, Swae Lee","Sunflower - Spider-Man: Into the Spider-Verse","Republic Records",1,97,1976,"1803961"
96,"spotify:track:1dhMTsEZz6ZEquGvmzVoHn","Taylor Swift","The Alchemy","Taylor Swift",15,122,22,"1796429"
97,"spotify:track:6uIIdjYTxxpWOyWuVXrKQO","Calle 24, Chino Pacas, Fuerza Regida","Que Onda","Street Mob Records",13,103,253,"1784553"
98,"spotify:track:0LMwmV37RCmBO2so0szAFs","Kygo, Ava Max","Whatever","Kygo/RCA Records",78,99,110,"1779586"
99,"spotify:track:7s4emXHJwAuo5VvGBXmnBL","Young Miko, Feid","offline","The Wave Music Group",57,95,24,"1771566"
100,"spotify:track:331l3xABO0HMr1Kkyh2LZq","David Guetta, OneRepublic","I Don't Wanna Wait","Parlophone UK",89,113,33,"1764111"
101,"spotify:track:60a0Rd6pjrkxjPbaKzXjfq","Linkin Park","In the End","Warner Records",7,100,382,"1757259"
102,"spotify:track:22skzmqfdWrjJylampe0kt","Macklemore, Ryan Lewis, Macklemore & Ryan Lewis, Ray Dalton","Can't Hold Us (feat. Ray Dalton)","Macklemore",57,121,778,"1756578"
103,"spotify:track:7qEHsqek33rTcFNT9PFqLf","Lewis Capaldi","Someone You Loved","Vertigo Berlin",4,85,1937,"1755766"
104,"spotify:track:2HbKqm4o0w5wEeEFXm2sD4","Kendrick Lamar, Jay Rock","Money Trees","Aftermath",55,92,357,"1746708"
105,"spotify:track:3QpDKVHmf9RDQkJbAUNWzI","Gustavo Moura & Rafael","Digitando","Astro Produções",67,111,15,"1744978"
106,"spotify:track:3fO566xJgwxIa3qGCGBvIC","Taylor Swift","Fresh Out The Slammer","Taylor Swift",10,131,22,"1734134"
107,"spotify:track:5g7sDjBhZ4I3gcFIpkrLuI","Bruno Mars","Locked out of Heaven","Atlantic Records",36,93,691,"1733791"
108,"spotify:track:0h3Xy4V4apMraB5NuM8U7Z","CYRIL","Stumblin' In","Spinnin' Records",77,117,48,"1717454"
109,"spotify:track:57wp7VFnV8X0pSVnYArGeJ","Bryson Tiller","Whatever She Wants","TrapSoul/RCA Records",31,115,82,"1712723"
110,"spotify:track:1SS0WlKhJewviwEDZ6dWj0","ZICO, JENNIE","SPOT!","KOZ Entertainment",70,96,15,"1712098"
111,"spotify:track:69phA1R4gmQsBFRQ3INW8C","Rich Amiri","ONE CALL","Internet Money Records / 10K Projects",39,89,103,"1704635"
112,"spotify:track:5O2P9iiztwhomNh8xkR9lJ","One Direction","Night Changes","Syco Music",77,101,582,"1698089"
113,"spotify:track:4fYte8ZvTK14NEhAOZocBi","OneRepublic","I Ain't Worried","Mosley Music/Interscope Records",7,108,704,"1694185"
114,"spotify:track:6wf7Yu7cxBSPrRlWeSeK0Q","Billie Eilish","What Was I Made For? [From The Motion Picture ""Barbie""]","Darkroom/Interscope Records",2,87,303,"1691554"
115,"spotify:track:6D8y7Bck8h11byRY88Pt2z","Dua Lipa","Houdini","Warner Records",2,81,183,"1691009"
116,"spotify:track:1kuGVB7EU95pJObxwvfwKS","Olivia Rodrigo","vampire","Olivia Rodrigo PS",1,98,316,"1678824"
117,"spotify:track:2LBqCSwhJGcFQeTHMVGwy3","The Weeknd","Die For You","The Weeknd/Lyric",9,105,828,"1676811"
118,"spotify:track:7K3BhSpAxZBznislvUMVtn","Morgan Wallen","Last Night","Morgan Wallen",10,170,446,"1664533"
119,"spotify:track:6WzRpISELf3YglGAh7TXcG","The Weeknd, Playboi Carti, Madonna","Popular (with Playboi Carti & Madonna) - From The Idol Vol. 1 (Music from the HBO Original Series)","XO / Republic Records",10,106,344,"1659544"
120,"spotify:track:3B54sVLJ402zGa6Xm4YGNe","French Montana, Swae Lee","Unforgettable","Bad Boy Entertainment/Epic Records",3,143,624,"1655963"
121,"spotify:track:6wsqVwoiVH2kde4k4KKAFU","Travis Scott","I KNOW ?","Cactus Jack/Epic",11,118,246,"1653488"
122,"spotify:track:2KslE17cAJNHTsI2MI0jb2","Jung Kook","Standing Next to You","BIGHIT MUSIC",1,116,189,"1651924"
123,"spotify:track:56y1jOTK0XSvJzVv9vHQBK","Doja Cat","Paint The Town Red","Kemosabe Records/RCA Records",1,129,281,"1636524"
124,"spotify:track:3hxIUxnT27p5WcmjGUXNwx","Hotel Ugly","Shut up My Moms Calling","Hotel Ugly, under exclusive license to Amuseio AB",65,134,483,"1635784"
125,"spotify:track:6EIMUjQ7Q8Zr2VtIUik4He","Henry Moodie","drunk text","Robots & Humans/Columbia",110,110,29,"1628766"
126,"spotify:track:5Y35SjAfXjjG0sFQ3KOxmm","SZA","Nobody Gets Me","Top Dawg Entertainment/RCA Records",7,125,108,"1622459"
127,"spotify:track:7KXjTSCq5nL1LoYtL7XAwS","Kendrick Lamar","HUMBLE.","Aftermath",1,90,698,"1617908"
128,"spotify:track:3WMj8moIAXJhHsyLaqIIHI","Zach Bryan","Something in the Orange","Warner Records",53,180,492,"1617183"
129,"spotify:track:6gBFPUFcJLzWGx4lenP6h2","Travis Scott","goosebumps","Cactus Jack / Epic",10,133,1725,"1616829"
130,"spotify:track:4SqWKzw0CbA05TGszDgMlc","The Walters","I Love You So","Warner Records",18,112,727,"1608561"
131,"spotify:track:0uHrMbMv3c78398pIANDqR","Joost","Europapa","Joost Klein",104,-1,5,"1608489"
132,"spotify:track:6RUKPb4LETWmmr3iAEQktW","The Chainsmokers, Coldplay","Something Just Like This","Disruptor Records/Columbia",2,145,1435,"1599457"
133,"spotify:track:1JSTJqkT5qHq8MDJnJbRE1","The Police","Every Breath You Take","Polydor Records",52,146,940,"1595413"
134,"spotify:track:6UelLqGlWMcVH1E5c4H7lY","Harry Styles","Watermelon Sugar","Columbia",4,147,1480,"1593912"
135,"spotify:track:2eAvDnpXP5W0cVtiI0PUxV","Ruth B.","Dandelions","Columbia",32,109,968,"1592703"
136,"spotify:track:5uCax9HTNlzGybIStD3vDh","James Arthur","Say You Won't Let Go","Columbia",7,130,2123,"1590513"
137,"spotify:track:5NEqpPrKdN5kkn66GPO5z1","Bayhan","Tiryakinim","Bayhan Gürhan, Under Exclusive Licence to ONErpm",111,119,6,"1589443"
138,"spotify:track:1LY3GhF0zxIVgbYEQjCbUO","Disturbed, CYRIL","The Sound of Silence - CYRIL Remix","Reprise",80,154,28,"1589097"
139,"spotify:track:7yq4Qj7cqayVTp3FF9CWbm","Vance Joy","Riptide","F-Stop Records/Atlantic",28,123,1185,"1586294"
140,"spotify:track:2a1o6ZejUi8U3wzzOtCOYw","Don Omar, Lucenzo","Danza Kuduro","UMLE - Machete",87,142,224,"1580362"
141,"spotify:track:75qepWUT3FEyPyXQMMMVZm","Rels B, Junior H","Un Desperdicio","DALE PLAY Records / Flakk Team",70,114,15,"1576363"
142,"spotify:track:7yNf9YjeO5JXUE3JEBgnYc","Dominic Fike","Babydoll","Columbia",133,187,27,"1573420"
143,"spotify:track:3xKsf9qdS1CyvXSMEid6g8","Frank Ocean","Pink + White","Boys Don't Cry",59,107,347,"1569912"
144,"spotify:track:1kcwpPDQnqEqmezzXdJTCP","Taylor Swift","imgonnagetyouback","Taylor Swift",21,152,22,"1568321"
145,"spotify:track:3Sz8P5ZFLARe2oJeb0qsyb","Tommy Richman","MILLION DOLLAR BABY (VHS)","PULSE Records",117,127,11,"1568177"
146,"spotify:track:2aPTvyE09vUCRwVvj0I8WK","A$AP Rocky","Sundress","A$AP Worldwide/Polo Grounds Music/RCA Records",112,148,21,"1563931"
147,"spotify:track:4RvWPyQ5RL0ao9LPZeSouE","Tears For Fears","Everybody Wants To Rule The World","UMC (Universal Music Catalogue)",80,149,590,"1557755"
148,"spotify:track:3AJwUDP919kvQ9QcozQPxg","Coldplay","Yellow","Parlophone UK",29,128,1226,"1557442"
149,"spotify:track:1njlnn8ZKHI77Pe9szIONR","BABYMONSTER","SHEESH","YG Entertainment",50,124,40,"1556614"
150,"spotify:track:0ll8uFnc0nANY35E0Lfxvg","Keane","Somewhere Only We Know","Universal-Island Records Ltd.",63,150,547,"1553746"
151,"spotify:track:0PAcdVzhPO4gq1Iym9ESnK","Morgan Wallen","Thinkin’ Bout Me","Morgan Wallen",75,-1,11,"1550929"
152,"spotify:track:2LawezPeJhN4AWuSB0GtAU","Creedence Clearwater Revival","Have You Ever Seen The Rain","Craft Recordings",64,104,258,"1544219"
153,"spotify:track:58ge6dfP91o9oXMzq3XkIS","Arctic Monkeys","505","Domino/Warner Records",40,126,861,"1533984"
154,"spotify:track:505v13epFXodT9fVAJ6h8k","KAROL G","AMARGURA","BICHOTA RECORDS / INTERSCOPE RECORDS / UNIVERSAL MUSIC LATINO",50,140,356,"1533304"
155,"spotify:track:5XVdHRf4CAJ2Jm0uMIy5qY","Xavi","La Víctima","Interscope Records",6,157,171,"1527326"
156,"spotify:track:1odExI7RdWc4BT515LTAwj","David Kushner","Daylight","Miserable Music Group",4,138,393,"1524101"
157,"spotify:track:7iUtQNMRB8ZkKC4AmEuCJC","Myke Towers","LA FALDA","WEA Latina",20,132,136,"1522686"
158,"spotify:track:5RKQ5NdjSh2QzD4MaunT91","Journey","Don't Stop Believin' (2022 Remaster)","Columbia/Legacy",122,169,144,"1520522"
159,"spotify:track:2tpWsVSb9UEmDRxAl1zhX1","OneRepublic","Counting Stars","Mosley / Interscope",78,136,1121,"1518940"
160,"spotify:track:2Hh3ETdQKrmSI3QS0hme7g","Metro Boomin, Future, Don Toliver","Too Many Nights (feat. Don Toliver & with Future)","Republic Records",26,159,353,"1517119"
161,"spotify:track:2N0SPREDYqILVEFSsWF5N5","V","Love Me Again","BIGHIT MUSIC",10,153,274,"1514481"
162,"spotify:track:51qYdMBxt9mFbtZBzq1Yfi","Julión Álvarez y su Norteño Banda","Regalo De Dios","UMLE - Fonovisa",76,181,82,"1513238"
163,"spotify:track:3SAga35lAPYdjj3qyfEsCF","d4vd","Feel It (From “Invincible”)","D4VD ENT, LLC",65,139,34,"1509286"
164,"spotify:track:2h3MDMf8sd9s4XIzpTBIjX","Taylor Swift","I Can Fix Him (No Really I Can)","Taylor Swift",13,192,22,"1505097"
165,"spotify:track:5D34wRmbFS29AjtTOP2QJe","Ariana Grande","yes, and?","Republic Records",1,144,120,"1504880"
166,"spotify:track:1FEiijYPJtyswChfcpv3p0","Lana Del Rey","Summertime Sadness","Urban",74,135,629,"1501326"
167,"spotify:track:0PBTlQ84CBJF0tBnKGmQa6","V","FRI(END)S","BIGHIT MUSIC",7,186,56,"1500813"
168,"spotify:track:2DbV9TSdeGr5FobCFDRzvq","Bizarrap, Natanael Cano","Natanael Cano: Bzrp Music Sessions, Vol. 59/66","DALE PLAY Records",10,141,37,"1494510"
169,"spotify:track:1k1Bqnv2R0uJXQN4u6LKYt","Bill Withers","Ain't No Sunshine","Columbia/Legacy",66,178,57,"1476597"
170,"spotify:track:1zv3WFUbZ5vPxFq9I2jAU1","Rihanna, Calvin Harris","We Found Love","Def Jam Recordings",18,167,406,"1465933"
171,"spotify:track:4Na2HfNSr58chvfX69fy36","Gunna","one of wun","300 Entertainment",171,-1,1,"1462932"
172,"spotify:track:7BqBn9nzAq8spo5e7cZ0dJ","Bruno Mars","Just the Way You Are","Atlantic Records",32,155,492,"1462862"
173,"spotify:track:4E63weMCaNZuGPEFMnuEi8","Tate McRae","exes","RCA Records Label",20,-1,141,"1459288"
174,"spotify:track:1mea3bSkSGXuIRvnydlB5b","Coldplay","Viva La Vida","Parlophone UK",44,156,622,"1456751"
175,"spotify:track:0u2P5u6lvoDfwTYjAADbn4","Billie Eilish, Khalid","lovely (with Khalid)","Darkroom",19,137,2201,"1455179"
176,"spotify:track:09CnYHiZ5jGT1wr1TXJ9Zt","Dimitri Vegas & Like Mike, Tiësto, Dido, W&W, Dimitri Vegas, Like Mike","Thank You (Not So Bad)","Ministry of Sound Recordings",152,164,53,"1452112"
177,"spotify:track:7lQ8MOhq6IN2w8EYcFNSUk","Eminem","Without Me","Eminem Catalog PS",29,163,951,"1451268"
178,"spotify:track:3ng8tfwvzR4BBwa9yaMms6","SAIKO, JC Reyes, Dei V","BADGYAL","2024 SAIKONETA",178,-1,1,"1442119"
179,"spotify:track:0YThXX1dqUpYBLyJNAsF9N","Yeat","If We Being Rëal","Field Trip Recordings/Capitol Records",101,151,17,"1441796"
180,"spotify:track:3dPQuX8Gs42Y7b454ybpMR","The White Stripes","Seven Nation Army","Legacy Recordings",154,174,6,"1440000"
181,"spotify:track:2x2olWuWXpqjoeE4bO1NFS","Flo Milli","Never Lose Me","'94 Sounds/RCA Records",23,189,89,"1439084"
182,"spotify:track:2jPCbFrFlyGbKgblxub8Lm","The Outfield","Your Love","Columbia/Legacy",171,177,9,"1437448"
183,"spotify:track:2zYzyRzz6pRmhPzyfMEC8s","AC/DC","Highway to Hell","Columbia",53,-1,54,"1436947"
184,"spotify:track:43PiEypaceH339CSNiggyj","iZaak, JHAYCO, Anuel AA","BBY BOO - REMIX","WEA Latina",144,185,27,"1435363"
185,"spotify:track:5qaEfEh1AtSdrdrByCP7qR","Imagine Dragons","Demons","Kid Ina Korner / Interscope",94,158,510,"1432804"
186,"spotify:track:3KZCP2StVGdWkOKyRZNWA4","Plan B","Es un Secreto","Pina Records",136,-1,176,"1427625"
187,"spotify:track:0jcw8cJf3TNMZN0BXlueML","Bakar, Summer Walker","Hell N Back (feat. Summer Walker)","Black Butter",138,172,23,"1426374"
188,"spotify:track:7b6sWLSnbZhSIeqNGrJ4py","Dua Lipa","These Walls","Warner Records",40,102,8,"1425745"
189,"spotify:track:0163eXbLwh5dFhKa73n9wG","Belinda, Natanael Cano","300 Noches","WM Mexico",118,160,15,"1425699"
190,"spotify:track:5GV7OpSEb8MPTryL0Q5i6c","DJ JZ, Humberto & Ronaldo, Mc Mininin, DJ LG PROD, Silvanno Salles","Mtg Quero Te Encontrar","Tropa do Serrão",107,168,27,"1424630"
191,"spotify:track:18WFFUIsewmA8g31KAeo3e","Taylor Swift","The Prophecy","Taylor Swift",32,195,22,"1422716"
192,"spotify:track:0JXXNGljqupsJaZsgSbMZV","Miguel","Sure Thing","Jive",14,179,403,"1420551"
193,"spotify:track:0B7wvvmu9EISAwZnOpjhNI","Bruno Mars","When I Was Your Man","Atlantic Records",28,161,579,"1415359"
194,"spotify:track:1aHy1ipWQRNauI0ee9uYfi","Lithe","Fall Back","GSL",164,182,5,"1415329"
195,"spotify:track:3kXoKlD84c6OmIcOLfrfEs","Earth, Wind & Fire","September","Columbia/Legacy",50,200,64,"1414674"
196,"spotify:track:1xgWArLVFD1AKsLzftZYc2","Oscar Maydon, Gabito Ballesteros, Chino Pacas","Elvira","Rancho Humilde",137,184,31,"1403365"
197,"spotify:track:6I3mqTwhRpn34SLVafSH7G","Justin Bieber","Ghost","RBMG/Def Jam",10,-1,922,"1402158"
198,"spotify:track:0yc6Gst2xkRu0eMLeRMGCX","Cigarettes After Sex","Apocalypse","Partisan Records",69,166,644,"1399047"
199,"spotify:track:6xcJyGpfZbuuiequtnlKt4","Travis Scott","BUTTERFLY EFFECT","Cactus Jack / Epic",30,-1,511,"1396704"
200,"spotify:track:62E2nR0od0M5HYxuYLaDz7","Taylor Swift","The Black Dog","Taylor Swift",20,-1,21,"1392641"
